105482346
1058622694
1165240366
1165240368
1165499590#0
1165499591
1187721765
1187721766
1207441878
12298305
12300807
12543154
139449001
139455413
140047506
140054045
29036509
29036536
29036547
29036549
35006698
35047582
35446605
390157767
398030859
4302771
447313060
447313532
453274470
453955769
453955770
461172813
461173094
478886777
478886779
479365563
479365568
480148041
485343201
485343202
54379491
63202744
839842697
839842701
839842702
915252791
915252792
95098677
95117810
95117812#2
95367763
95374587
95374606
95841100
173072184