13798242
1165240363
474423809
480083542
95117812#1
485343202
12543140
1165499595
478886769
139455413
480148052
479127848
29036549
398030857
479365566
118670828#1
1058622694
460986048
1096803816
12543151
1165499582
332930861
4259343
498604771
1174689806
12298305
1165240364
95117812#2
12300807
497150664
12543154
839842697
479178723
35006698
474423810
597084097
29036536
1167578689
99185124
479192134
480142667
1165499596
478886770
12543217
394028171
139455435
29036551
95841156
478886779
480083543
453274470
95362522
1225499020
24790552
398030858
474423784
29036539
1174689807
345566829
460986053
480149866
258900077
479192137
63202741
479365568
712274397
54379491
365315018
54379553
263739117
1165240366
4259345
1225499021
24790586
95098677
139455439
839842701
95362523
479178724
98825971
27292207#0
474423811
173072184
479198383
480146192
474423785
479192138
478882413
1165499589
258900080#1
460988102
158900210
24790606
453274475
12543642
712274398
839842702
453955769
345566831
497150666
597084091
1165240368
478886771
1165499597
95117787
35539786#0
1230014164
398030859
415566508#0
12543749
474423812
29036540
703196298
1187721765
63202743#1
13713756
1230014107
24790621
95841100
479181124
139455445
461026629
1165239234
479127854
95367763
484778540
474423786
447313060
479192140
1165240369
35044066
95841103
1165499590#0
13713844#0
415566508#1
1177120141
461026630
105482346
97721366
37406652
453955770
478886772
1165239235
479365561
474423787
597084092
480083544
1165499598
13702954
63202744
106441012
35539786#1
139455457
398030861
478882414
1174008829
95117793
474423813
4302771
99185139
1165499590#1
1165239236
497153702
35385034
415566516
835878391#1
1067636645
447313061
597084093
1165263977
1187721766
453294700
778337231
479181462
95374587
139465323
479127855
479127844
508107803
105482347
479192141
35047582
474423788
1174008830
63634695
95984899
1184449984#1
95117799
1165239237
1165499591
140047503
13713923#2
474423814
13530808
29036543
478886774
479365562
4256484
63634696
404635506
484986691
526113266
398030863
106441015
478882416
778337232
95117802
95374606
390157767
461172813
12389533
460839284
37113029
447313062
480148036
479187301
386578590
479165072
479127845
1165239238
1165499592
479127828
140047504
95984918
95841120
479192142
404635517
597084094
1187721767
474423823
480148041
508107809
478886776
480084928
29036509
838262715
915252791
29036544
461173094
4256485
1165239239
140047506
479365563
95984936
12297710#0
99185171#1
1165499593
460986036
526113274
447313531
478882418
497150660
95984945
479165875
1174689800
35446605
140054045
597084095
1207441878
390157775
460986037
838262717
479187303
479127829
97721399
1058622673
479127846
479192143
95841143
915252792
478886777
13712407
98835987
34712768#1
480148045
478886768
29036547
332930857
54509443
1165240362
474423808
497924851
479365565
1165499578
1165499594
398030856
95984958#1
508107814
497150661
30911274#0
54375651#0
1058622674
106586052
13798158
485343201
27293116#0
1093951608
99185260
95117810
447313532
13860802
390157776
483715765
497925444
460986038
1174461335
479192145
479178722
35446606
478886778
29036532
597084096
37856708#0
35006697
139449001
480148049
4259341
479187304
54375654
332930860
