474423814
24790586
95374606
478882416
480083542
497150661
1165499590#1
12543217
106441012
95117787
485343201
479181124
497925444
404635517
29036532
597084094
1165239238
1067636645
24790606
480083543
398030863
479127845
479127828
483715765
1174008830
479192140
54375654
105482346
35044066
453274470
480148036
480083544
13702954
35539786#1
37113029
1165499598
390157767
139455445
460986048
839842701
12297710#0
479365561
474423823
98835987
1165499591
29036549
453955769
478886776
461173094
447313532
95984899
1165239239
480148041
4259341
24790621
485343202
386578590
479127855
95841120-AddedOnRampEdge
1174689800
35385034
12543642
839842702
27293116#0
597084095
478882418
95117793
139455457
99185124
498604771
105482347
1165499591-AddedOffRampEdge
453274475
106441015
479181462
12543749
29036536
497150664
95984918
479127845-AddedOffRampEdge
479192141
479127829
478886777
4259343
29036551
35047582
453955770
461173094-AddedOffRampEdge
97721399
480084928
1165240362
29036539
13713756
478886768
479165072
479365562
712274397
460986053
139465323
1187721765
390157775
54379491
474423808
480148041-AddedOnRampEdge
54379553
1165499578
12300807
95117799
173072184
95984936
140047503
1165499592
479187301
597084096
398030856
95117802
95984945
460986053-AddedOffRampEdge
479192142
95841143
835878391#1
478886778
915252791
12298305
1174461335
712274398
4259345
1165240363
13713844#0
479165875
447313060
140047504
474423809
390157776
13798158
778337231
1165499593
478886769
12300807-AddedOffRampEdge
29036540
497150666
13530808
479127846
479365563
453294700
1174689806
1187721765-AddedOnRampEdge
460839284
915252792
1058622673
35446605
106586052
99185139
474423784
13860802
95984958#1
1165240364
1165499582
1093951608
415566508#0
703196298
460988102
480148045
140047506
597084097
398030857
479187303
778337232
479192143
37856708#0
484778540
447313060-AddedOffRampEdge
63202741
1174689807
1058622674
140054045
474423810
478886770
1165499594
34712768#1
332930857
95362522
474423785
478886779
479365565
98825971
415566508#1
27292207#0
13798242
1177120141
461026629
139449001
479178722
13713923#2
480142667
838262715
480148049
1096803816
35446606
497153702
398030858
479127848
1230014164
461026630
479192145
95362523
4302771
139455413
263739117
394028171
1165240366
597084091
508107803
1184449984#1
460986036
95117810
1187721766
35006697
13712407
479187304
415566508#1-AddedOnRampEdge
29036543
474423811
1230014107
1058622694
258900077
332930860
1165499595
474423786
838262717
1165499589
447313061
526113266
478882413
63202743#1
480148052
460986037
478886771
95841156
479365566
474423787
158900210
1165240368
139455413-AddedOffRampEdge
95117812#1
480146192
99185171#1
484986691
474423812
95367763
4256484
597084092
95841100
1165239234
332930861
258900080#1
63202744
398030859
1207441878
415566516
508107809
479178723
95841103
1165499596
1165499590#0
35006698
30911274#0
1165239235
1187721767
1165240369
29036509
479192134
95117812#1-AddedOffRampEdge
460986038
365315018
1167578689
29036544
99185260
478886772
461172813
37406652
95098677
526113274
447313062
474423788
478882414
480149866
97721366
345566829
479192137
1165239236
474423813
479365568
597084093
12543140
497150660
1165499590#0-AddedOffRampEdge
63634695
139455435
4256485
398030861
1225499020
54375651#0
95098677-AddedOffRampEdge
95374587
479178724
63634696
1165263977
474423788-AddedOffRampEdge
479198383
479127844
12543151
95117812#2
54509443
460986038-AddedOffRampEdge
479192138
24790552
29036547
1225499021
1165239237
461172813-AddedOffRampEdge
37406652-AddedOffRampEdge
404635506
118670828#1
1165499597
35539786#0
839842697
447313531
1174008829
479127854
12543154
139455439
478886774
12389533
345566831
508107814
497924851
